3.551961894505496 2.6123879633626013 4.4612742391995095
7.893488025212179 -0.5701345186185787 1.662468905194362
-9.158510339248043 2.0294661270069705 2.9954323470189155
-3.688603066338148 4.774439046196864 4.609828279690246
-8.138586912714558 1.7483633769159725 2.16774832940897
-6.4568919264699876 -0.6711790260576214 4.18686006896306
-1.8416107910336255 -2.5068630804702776 1.866896525651283
-7.285319164985484 2.559566848901964 3.9674908034439715
1.8123383937125386 2.3876832729684105 3.30290983893256
1.9313726873162729 -0.9036626429386141 0.15967322830796882
8.416287271531406 0.31073921774790847 1.9241381952212118
7.736698238836553 3.8667618026886874 3.8525950020321567
9.072497478616903 2.0653007708947966 1.468670638913555
2.0595429469729147 4.26500255096237 3.3291132701349984
7.924986403499666 -0.7236449882269644 2.378795704678494
3.8538741122229965 4.5527661848912775 1.7529038051860963
7.773999421893269 -1.6330612946542233 2.7568754835285434
1.968233252842392 -4.848507972072275 3.3453589292842274
9.75206752057942 3.158416181693301 3.879155986400205
1.4198487361463172 -3.016328706715834 1.518662396308272
-9.495729178393631 -3.1573681883395963 1.3965273123241846
-1.4251708458800056 -1.4887826207812225 2.3015843320881486
-5.671278909568766 4.263158248406377 0.3228742953443525
5.488264308510427 4.537044122686128 4.354977266397084
8.431629306575196 -1.5179578780926506 2.445469478436735
-0.43390201209855306 4.780723796875705 2.2767148292199026
5.63127018196537 -4.30057382292489 0.5374360905550024
-5.8933882990118525 0.5490198880352581 4.716552399075159
-2.153561806036275 0.8107107121985209 2.5312988121412223
7.288871656239408 1.0078947254075823 2.4787066081602855
-9.886935852971977 -2.711200981687214 4.279454340539578
-2.0677097205000994 3.698961406270694 3.4406736559334306
-3.858403885642736 1.4388068685842441 1.7650904069892148
0.2839207442872862 -3.6971650781369925 2.9548817426701026
4.216389922949798 -3.7147970945581257 3.450417511935439
5.540939893301676 1.2124573731204347 3.113177817719635
0.7550449765887475 -0.10790512881541936 2.0001414945598133
-3.7755600906030455 -2.452331679483458 0.6382890916590411
-5.619874299022783 4.155878867495424 1.637289181404632
3.6436388571506413 -3.032367012641506 2.3149559099677712
2.6526465932092513 0.2878705535644759 3.1604645963241795
-1.5054254549976385 -2.373103410813082 4.033986987432374
2.620205214393984 -3.986609216788637 0.9449409176394513
8.722913447014168 -4.18326687529973 3.0507507484771708
-0.7421290524636817 4.827017376798864 2.894091494906936
9.948336666697639 -4.543612650886331 0.17675905497477606
1.9305223755526946 -1.3404002047458343 4.862988541728523
-7.026308417337733 2.4136284336062506 3.7010862543022616
5.47644919994533 2.828187680677953 2.984645526281175
4.979100023827005 -3.675301272590529 0.16384571339856935
-0.595728301779241 -0.6327851745491122 3.1338139714049005
-9.451415675588974 -1.256543073199905 3.428037290238935
5.537739139462483 0.8728792486359893 4.170894566244109
3.6132318604608535 -4.012940835653684 1.0745633224097895
-4.229105160559248 -0.636840661761255 3.006903227315826
5.043411958724537 0.6642651119252418 0.042875982734500995
-0.8452175209615032 3.7487282754590048 1.168292831592748
8.64552534508665 4.57115996052554 4.659349667018752
-8.724373485344808 0.3441841054303252 1.827662286223083
-7.94039708563576 2.099569559043017 0.5836298347030805
-4.940661857757062 -4.364869196227495 1.3602051754223772
-8.490309802763756 -2.2105295955885196 3.016810729807533
0.5720623250816264 0.038461356255748314 2.2911907566658885
-8.711882045897529 -2.0294493687872075 2.610606216363716
-2.6347885454324738 4.809402123614403 2.4193868424152907
-5.268365934999801 3.3886100069754157 0.7885931125313977
-4.005310481524105 -0.7234290881752141 1.9554770829134205
-5.313743584416104 0.9458939032409148 3.2086234722839957
8.775323300673598 -4.305364924302926 3.103924710844481
-6.136071368220149 -0.5768574789519363 3.5864178309961763
-4.328695207760289 -3.2413441722329575 3.003014216753366
-3.3796703580886884 2.4012245909876047 4.495368355453395
1.0954836512051784 0.5329894394660482 4.033908847215438
8.563376439294018 2.5880684753478844 1.078026059357045
2.2572583049153288 2.537471942263105 1.4439889778479968
1.3895189946543276 1.6301553043725248 4.870511039077465
4.115252274417376 0.04942178616952564 4.09339750748745
-4.8914911428563705 3.8233938812169335 0.5736705103197004
4.473186115160125 -3.9351232902204734 3.0892303610277008
-3.7524484061697976 -3.6433848120103516 1.6699980860788406
6.301152013208764 -0.9217386805274854 3.9806474916593997
-0.7704645984352929 -3.122637628804197 2.380443716555881
-3.983063430502365 2.184935873572905 0.5044347357641094
5.426920508766962 4.64413184900874 4.135164889539418
5.473480184545219 -1.7770565908951 1.596634279311182
9.001997135880448 1.8991236517084955 0.5168374330302011
9.11474275342745 -3.6823813377096934 0.7298976674404284
0.8040908219645342 3.900761952074566 3.4780243338181513
-7.825655621188905 3.9597820629266174 3.9007625152551952
-5.152665965641223 2.143097627757421 0.6342031747040083
2.20395915091947 -0.05880816679148637 2.4252687336560594
1.9686122133691306 1.8860460022993122 1.7473269421698956
-1.3911811197327708 -3.6505541799474384 2.6049940034690433
-9.423670903053946 -0.7308250870476307 4.34975010532142
-7.1750315940058496 -4.967151705129149 2.547532537679321
-4.30782172608577 -0.8139068548290336 0.6253141606615303
6.912823395892705 3.670828891867272 1.4286316935772088
4.089453716307027 2.5683775102178297 4.101091086696323
8.696009122390286 3.7509623373039975 0.46107223304897693
-0.92603586999142 -4.737777839635028 3.6969729345412827
1 1 1
0.5 0.5 0.5
-0.9 0.9 -0.9
